28.8919
28.877
29.0732
28.939
29.1718
28.8323
28.9305
28.4612
28.863
28.8359
29.2575
29.0583
28.9891
29.2749
29.0049
28.6852
28.9008
28.9513
29.4751
28.2883
29.1199
28.4961
29.1361
28.8645
29.1427
28.9392
29.1234
29.0639
28.8647
28.935
29.2037
29.2703
28.7515
29.3423
28.6242
29.1239
29.034
28.7005
28.9056
28.8508
28.7465
28.2687
28.5963
29.163
28.7211
28.7539
28.618
29.2392
29.0025
28.8214
28.8577
28.6648
29.1962
28.9399
28.9134
29.0238
28.5723
29.3176
29.1386
28.9739
29.0336
28.8355
28.8238
28.9519
29.2496
28.7572
28.7477
28.8773
28.6974
28.9051
28.6082
28.838
29.0605
28.9055
28.961
29.0052
29.3439
29.0226
28.604
28.8575
28.6987
28.8762
28.3778
28.6497
29.2972
28.983
28.9003
28.9595
29.0457
28.6894
28.9576
29.1747
28.8276
29.2088
28.7669
28.9143
28.8254
29.0916
29.1714
28.8914
28.5854
28.7417
28.8909
28.996
28.8664
29.1624
29.0669
28.7735
28.3093
28.8816
29.0439
29.1463
28.888
28.6729
28.5507
28.802
29.3003
28.6029
28.6228
28.9218
28.9307
28.8248
28.9768
28.9762
28.4555
28.6514
28.6022
28.4437
28.9253
28.756
29.1775
28.8965
28.8477
28.6665
28.6654
29.0131
28.7692
28.9096
28.7554
28.788
28.8281
29.0911
28.9277
28.7183
28.4769
28.6321
28.9595
28.7577
28.7505
29.0574
28.728
28.7732
28.8477
28.8811
28.5406
29.0069
28.8233
28.9107
28.7008
28.6174
28.5846
28.4567
28.8378
28.9414
28.6687
28.8213
28.892
29.2218
29.0767
28.9963
28.7501
28.7951
28.5738
28.7328
29.1211
29.0116
28.4558
28.9446
28.4886
28.6815
28.5132
28.8779
28.5566
28.5707
28.6426
28.9376
28.8417
28.8519
28.4192
28.9593
28.303
28.5852
28.7322
28.7745
28.9141
29.2118
29.1544
28.7855
28.9169
29.0664
28.8093
28.6251
28.4997
28.8708
28.5673
28.859
28.6145
29.1573
29.1275
28.783
28.7296
28.8228
28.871
29.0812
28.6953
28.885
28.8142
28.7819
28.8248
28.9612
28.5158
28.8813
28.7425
28.8384
28.6778
28.8564
28.9287
28.6318
28.8298
28.9371
28.8674
29.0851
28.6888
28.4903
28.8044
29.0513
28.7421
28.9012
28.7541
28.5857
28.9626
28.9953
29.1582
28.8256
28.8723
28.6107
28.8948
28.9972
28.5692
28.6525
28.8157
28.8138
28.7311
28.8519
28.6392
28.6347
28.4626
28.8971
29.0593
28.3731
28.9197
28.5967
29.0831
29.0795
29.2999
29.0902
28.6793
28.652
28.7019
28.9878
28.665
28.878
29.1796
28.6199
28.6261
28.5892
28.8793
28.8281
28.4236
28.7585
28.5349
28.5189
28.8099
29.1172
28.7398
29.0268
28.8012
29.0421
28.871
28.9576
28.923
28.873
28.6461
28.4252
28.6868
28.4773
28.8316
28.347
28.7986
28.8016
28.6261
28.6683
28.6378
29.079
29.1431
28.8636
28.3078
28.507
29.032
29.1126
28.4303
28.4201
28.714
28.7386
28.7234
28.724
28.8403
28.7044
28.6669
28.8599
28.6592
28.6747
28.8937
28.7044
28.557
28.6839
28.6098
28.1534
28.8338
28.5618
28.4359
29.0056
28.6322
28.7413
28.9356
28.9402
28.58
28.586
28.7575
28.9463
28.9391
28.531
28.6624
28.9742
28.8906
29.0824
28.3114
28.6793
29.098
28.7679
28.8767
28.8932
28.8656
28.5822
28.7009
28.7592
28.5476
28.5678
28.9123
28.9545
28.9177
29.2911
28.3639
28.7926
28.6922
28.9086
28.6022
28.5488
28.7392
28.8501
29.0543
28.769
29.0989
28.4159
28.4801
28.5239
28.7709
28.8931
28.7094
28.9001
28.7309
28.7556
29.0416
28.8224
28.6726
28.6836
28.847
28.5832
28.7652
28.9756
28.7672
28.8911
28.9722
28.9105
29.0004
28.9058
28.898
28.7542
29.0723
29.4726
29.0626
28.7952
28.914
28.9035
28.9919
28.4562
29.0112
29.0603
28.975
28.5769
28.3996
28.7005
28.9456
28.8761
28.6024
28.8406
28.163
28.9851
28.7143
28.897
28.9778
28.6579
29.2016
28.7451
28.5009
28.8938
28.7924
28.8084
28.8634
29.0978
29.0651
28.5872
28.8046
28.6375
28.864
28.7817
28.6837
28.6734
29.0979
28.802
28.8013
29.0301
28.4258
29.0953
28.8817
28.822
29.0742
28.6471
28.431
29.2411
29.0771
28.6876
29.1069
28.7503
28.5413
29.092
29.1774
29.0183
29.1083
29.2132
28.8259
28.7095
28.7394
28.7741
28.8757
28.5996
28.5518
28.8405
28.5565
28.8909
28.6237
28.8045
28.629
29.1806
28.6836
29.1391
28.7648
29.0866
28.6489
28.5602
28.8486
28.8996
28.4429
28.6922
28.8106
28.9514
28.9367
28.485
28.6797
28.8875
28.6173
28.9919
29.1094
29.0703
28.9254
29.0395
28.8249
28.7108
28.897
28.8459
29.0466
29.1637
28.9068
28.4568
28.5922
28.7236
29.0502
28.6597
28.7127
28.5986
28.7649
29.0044
28.6521
29.0456
28.5805
28.522
28.9678
28.9247
28.6017
28.8827
29.2526
28.8184
28.9291
28.8697
29.0572
29.0941
29.0567
29.0093
28.4781
28.8384
29.2691
28.7151
29.389
28.9381
28.3064
28.9327
28.5793
28.7615
29.3048
29.0277
28.8538
28.5488
28.2535
28.6578
29.1396
28.713
29.016
28.9963
28.9049
28.8168
28.9266
28.8703
28.8403
29.063
28.9457
28.9027
28.5817
28.9973
29.0702
29.2722
28.3214
28.8167
28.3836
28.7464
28.9171
28.9839
28.4473
28.8285
28.8091
28.717
28.696
28.666
28.763
28.9352
28.988
28.76
28.9865
28.9007
28.7102
29.0165
29.2766
28.8663
28.8714
28.8928
29.2465
28.979
29.1459
28.9577
29.3326
29.0102
29.1617
29.1438
28.8271
28.8577
28.6508
28.5861
28.7944
28.931
28.9921
29.3036
29.199
28.6009
28.4211
29.1861
29.0345
28.7434
28.9304
29.2546
28.7443
29.0497
29.0928
28.5996
28.9859
28.8563
28.7421
28.8917
29.0737
29.1685
28.5012
28.7446
28.4485
29.1696
28.9295
28.8754
29.1556
28.5548
28.8172
28.5867
29.3175
28.9085
28.9482
28.8472
29.2241
28.7235
28.8302
29.0091
29.1084
28.4619
28.6993
29.1958
28.6376
28.4711
28.8451
28.887
28.7166
29.1072
28.9073
28.7502
29.0412
28.9067
28.9662
28.84
28.6919
29.0022
28.814
28.9726
28.8867
28.7522
28.7046
28.8735
28.9415
29.1329
28.8521
28.7503
29.1976
28.9188
28.883
29.0884
28.7373
28.6911
28.8542
28.7355
28.8339
28.6274
28.9589
28.7277
29.159
29.1269
29.12
28.8612
28.7553
28.782
28.8424
29.228
28.623
28.5903
28.4135
28.9401
28.8949
28.572
28.8149
29.0519
28.8001
29.0353
28.5687
28.5538
28.9451
29.0539
28.619
28.5881
28.9821
28.9897
28.7251
28.7626
28.8165
28.7226
28.8765
28.7998
28.8442
28.6444
29.0017
28.5398
29.057
28.851
28.6689
28.934
29.1537
28.4987
28.8942
28.6615
28.6953
28.6015
29.095
28.9068
28.9133
28.8549
28.8103
28.7474
28.4658
28.4729
28.6357
29.1705
28.8218
28.7133
28.7944
28.9514
29.1134
28.6922
29.1033
28.522
28.8632
28.4852
28.6511
28.6291
28.7352
28.4924
28.8343
28.4403
28.7105
28.7228
28.6864
28.9112
29.0061
28.6691
28.754
28.6593
28.717
28.9009
29.0446
28.9137
28.7555
28.8321
29.0115
28.9279
28.7036
28.9395
28.7808
28.7125
29.395
29.2573
29.7344
28.8497
28.9654
29.0585
29.1123
28.7514
28.8872
28.6754
29.1904
28.943
28.5379
28.6604
29.1392
28.9129
29.1053
28.8826
28.5569
28.8329
28.9623
28.7323
28.9205
28.9114
28.8773
28.8266
28.7763
29.0636
29.3967
28.8417
28.6565
28.125
28.6395
28.8974
28.6674
28.7007
28.763
29.232
29.228
28.6776
28.8541
29.0828
29.1653
28.8665
28.6425
28.8121
29.2123
29.0536
29.5197
29.1004
28.8507
29.3345
28.724
28.7993
28.8277
29.1437
28.9397
28.7973
29.0017
28.4633
28.9695
28.8878
29.0814
28.8463
29.1372
28.8577
28.8133
29.2309
29.3357
29.2155
28.7953
28.8562
29.0482
28.7739
28.4544
28.7727
29.0113
28.8879
28.8607
29.1401
28.6996
28.9655
28.6297
28.9658
28.9421
28.9862
28.4911
28.7345
29.0778
28.7976
28.8676
28.9764
28.9277
29.4545
28.6392
28.7309
29.1761
28.8675
29.2948
28.7221
28.9911
28.5034
28.4944
29.0822
28.8935
28.7444
29.0013
29.0132
28.9861
28.7737
28.9381
28.7772
29.0707
29.1238
28.668
28.7395
28.6545
29.1091
29.1878
28.8246
28.7517
28.9651
29.0044
28.882
28.8268
28.6731
28.8444
29.064
28.9072
29.1249
29.2819
28.8213
28.8802
28.7246
28.8663
29.0014
29.2297
28.9084
29.0843
28.9435
28.666
28.9875
28.5768
28.8565
28.9645
28.806
28.5921
28.993
28.8939
28.5019
28.7425
28.9499
29.1347
29.2215
29.0919
29.03
28.8191
29.0495
28.5764
28.9646
28.567
28.782
29.0097
28.6119
28.8896
28.7908
29.1413
28.9049
29.0932
29.2584
28.512
28.7848
28.6868
29.3048
29.009
29.1252
28.8221
28.9367
28.4936
29.1629
28.8639
29.0865
29.0104
28.7368
28.7681
29.0344
28.444
28.3612
29.1595
29.0109
28.7063
28.3741
28.8441
28.6823
28.8275
28.7003
28.9037
29.1178
29.4437
28.8392
28.4599
28.9901
28.8031
28.9333
28.8933
28.7225
28.6757
28.9857
28.674
28.6498
28.9835
28.5309
29.0758
29.0861
29.0844
28.8254
28.7445
28.6404
29.0393
29.2435
28.6071
28.4851
29.4538
28.8023
28.821
28.7504
29.0827
28.9986
28.9872
28.6147
28.9666
28.6225
28.6572
28.7236
28.9681
28.8341
28.6319
28.8823
28.7715
29.0174
28.9629
28.8146
28.8183
28.8437
28.8878
29.0561
29.2172
28.7735
28.7571
28.9651
29.026
29.1464
28.9034
28.9253
28.4671
29.1143
28.5935
28.8427
29.161
29.0228
28.7914
28.2798
29.4092
28.6659
28.5982
29.0226
28.7609
29.1565
29.2701
29.2689
28.9344
28.8579
28.9667
29.339
29.2438
29.0309
29.0489
29.0508
28.7558
28.6241
28.8755
28.6819
29.09
28.8778
28.8758
28.7309
29.3546
29.0961
29.0775
28.6503
29.2137
28.8143
28.6298
28.8157
28.8547
28.8654
29.0884
28.706
29.1293
28.9255
28.9512
28.5854
28.7014
28.9569
29.1062
28.7588
28.9911
28.9145
29.2438
29.2226
28.6902
28.9652
29.2136
29.0402
29.1394
29.0443
29.0764
29.0171
29.2465
28.9531
28.7956
29.1523
29.0495
28.9818
29.1507
29.1613
28.5452
28.9741
29.8355
29.1233
28.7083
29.3728
28.9097
28.7641
28.9715
29.3178
28.8253
28.9944
28.7675
28.8748
28.6512
28.9907
29.0458
29.4709
29.2477
28.8373
29.3119
28.6112
28.8898
28.8566
28.6495
28.8875
29.3394
28.7639
28.8655
29.0517
28.9176
29.2506
29.0384
28.8568
28.9116
28.8995
28.6488
28.8577
29.2003
28.7475
28.4355
28.9493
28.4982
28.9454
28.849
28.9181
28.7909
28.7907
28.912
28.8604
28.8906
29.087
28.9451
29.0036
29.0013
28.9707
28.9757
28.8326
29.5359
29.2485
28.616
28.9607
28.7308
28.7841
29.0649
29.3221
28.8197
28.94
28.8858
28.6196
28.798
28.7244
29.2461
28.4026
28.8301
28.8795
29.1244
28.9677
28.7018
28.9857
28.5925
28.6626
28.8527
29.2183
29.1734
29.1511
28.8141
28.9507
28.8231
29.0022
28.9331
28.7777
28.9903
29.0716
28.7689
29.3572
29.0091
29.1794
28.6428
28.7481
29.1114
29.2177
28.6385
29.1003
29.0449
29.0853
29.0609
28.93
29.008
28.771
28.9509
28.8854
28.7215
29.2352
28.8093
29.5029
29.2423
29.3391
29.2589
29.1616
29.5887
28.8864
29.2163
28.907
29.2443
28.7347
28.7532
28.9283
28.8624
29.0173
29.2123
28.6242
29.0879
29.417
29.052
29.217
29.0925
29.2835
28.9274
29.0585
28.6714
28.7971
28.7706
28.5033
29.2689
29.2593
29.0655
29.0689
28.8713
28.808
29.0682
28.9082
29.5114
29.3017
29.2888
28.9705
28.6132
28.9122
28.7455
29.0697
29.1754
29.007
29.5038
28.834
28.4723
29.2077
29.1711
29.1873
29.1759
28.7263
28.9418
29.3598
29.2489
29.0204
29.1995
29.0293
28.8617
28.7147
28.7951
29.1186
29.183
29.1271
29.0084
29.2769
28.6432
28.912
29.3385
28.8438
28.7197
28.9079
29.1856
28.6277
28.8941
28.9311
29.2405
29.0137
28.6714
29.018
29.1352
29.5053
29.1089
29.4942
29.2099
29.175
29.192
29.1589
28.6706
29.5057
29.3256
29.2035
29.2666
28.5912
29.0305
28.8908
29.0934
29.1823
28.7934
29.1837
29.4909
29.2377
29.2827
29.1681
29.355
29.0004
29.2122
28.6645
29.3945
29.1102
29.2475
29.1052
29.4111
29.1218
29.7376
29.2068
29.2587
29.2056
29.3564
29.2998
29.1589
29.193
28.792
29.0078
29.0376
28.9646
29.0696
29.2591
29.2436
29.138
29.0737
28.5433
29.1847
28.9453
28.7943
28.9615
29.2261
29.3041
29.3791
29.2844
28.9442
29.1852
29.5087
29.0391
28.9416
29.2597
29.2591
29.137
29.1998
29.3609
29.2172
29.0785
29.177
29.569
29.0496
29.1269
29.1563
29.3956
29.3218
28.9215
29.7858
28.8321
29.0655
29.0749
29.4544
29.3765
29.2536
29.0368
29.232
28.8985
29.1626
29.3043
28.9025
28.471
28.8845
29.1142
28.9002
28.6409
29.307
28.3733
28.989
29.2713
28.6033
28.8754
29.0447
28.8286
28.8759
28.8401
28.6364
29.0755
29.0083
28.8544
29.073
28.9936
28.7515
29.0188
28.936
28.7881
28.9095
29.2134
28.9762
29.1556
29.0537
28.7383
28.8609
28.6939
28.7358
28.7197
29.1826
28.8891
28.6087
29.0311
29.0293
29.1268
28.9651
29.0881
28.811
28.782
28.7714
28.906
29.0854
29.156
28.9508
28.8105
28.5061
29.0085
29.0107
28.6465
29.129
29.0817
28.9859
28.9009
28.8167
28.83
29.0132
28.7447
28.904
28.9673
28.6335
28.7281
29.2469
29.1002
29.1101
28.6177
28.732
28.7929
28.963
28.8853
29.1721
28.852
29.3242
28.7601
28.8483
28.8739
29.1153
28.5872
28.7351
28.9136
28.5541
29.0844
28.2508
28.4936
28.687
28.6305
29.0773
28.752
29.0501
28.9262
28.5287
28.8276
28.6744
29.014
28.9932
28.553
29.054
29.0481
28.8978
29.2757
28.9239
28.5971
28.616
28.9021
28.8273
28.8986
28.913
29.0901
29.0629
29.065
28.5848
28.8835
28.8717
29.0078
28.3413
28.8072
29.1943
28.8065
28.6514
29.1244
28.7588
28.6653
28.7467
29.0618
29.0324
28.8248
29.074
29.0631
28.8229
28.992
28.6651
28.8768
28.8283
28.6819
28.8077
29.1425
28.7055
28.8907
28.9001
28.973
28.8178
28.8427
28.8731
29.0375
28.7428
29.0972
28.795
28.8103
29.0204
28.8263
28.9995
29.0072
29.0983
28.6204
29.0253
28.9039
29.0778
28.9969
28.7772
28.6694
29.2292
28.8835
28.7506
28.9745
28.5813
28.9589
28.7847
28.5754
28.9046
28.9199
28.908
28.5534
29.1431
28.6476
29.0991
28.7528
29.0516
29.039
28.3058
28.5799
29.1304
28.6032
28.6754
28.9554
28.6787
28.8194
28.8486
28.6959
28.7791
29.2966
28.8325
29.1684
28.953
28.7998
28.8402
28.8699
28.6296
29.1438
29.1985
28.7073
29.1211
29.0519
28.4693
28.9401
28.614
28.6113
28.715
28.606
28.6088
28.7885
28.8991
28.4709
28.6072
28.8769
28.9091
29.2793
29.1227
28.5109
29.2558
28.9261
29.0025
28.8538
28.47
28.7435
29.0692
28.5011
28.7416
29.3114
28.6224
28.7625
28.6167
28.9724
29.1116
28.7542
28.7508
29.0503
28.567
29.1144
28.941
29.3043
28.5269
28.9281
28.7602
28.8835
28.7386
28.6524
28.9166
28.6656
28.786
28.7757
28.6447
29.0585
28.9839
28.8205
28.5815
28.7827
28.9469
28.5806
28.4292
29.1925
29.0634
28.8255
28.7218
28.7613
28.8393
28.769
28.8576
28.9146
28.6402
29.0083
28.5989
28.7434
28.6598
28.6168
29.1267
28.9855
29.0019
28.6239
28.9846
29.0289
28.6706
29.1746
28.9907
29.1441
28.7573
29.1108
28.5695
28.9913
29.0819
28.9823
28.7787
29.2585
28.6862
29.0216
28.4796
28.8937
28.8696
29.081
29.195
28.7146
29.0151
28.5307
29.0234
28.8679
28.8258
29.1849
28.505
28.7892
29.0717
29.1232
28.6251
29.0328
29.2655
28.9251
28.5599
28.7749
28.9707
28.5726
28.8926
28.9916
29.045
29.354
28.8935
28.7975
28.7834
28.5605
28.9359
29.0902
29.1833
29.2046
28.6545
28.8283
29.0632
28.9544
28.7019
28.7095
28.6984
28.9388
28.8302
28.6684
28.9393
29.3328
28.7309
28.7687
28.9749
29.2241
28.8454
29.1287
29.3724
29.2349
29.5161
29.7168
28.7708
29.036
29.2434
28.9232
29.2109
29.2322
29.1883
29.4036
28.7996
29.2255
28.6776
28.7227
28.4665
28.8986
28.6589
29.4066
29.0981
29.0522
29.034
29.2732
28.9661
29.042
29.0319
28.9053
28.7683
29.3113
28.787
28.7818
28.6981
28.6098
29.0628
28.8682
28.6739
28.9726
28.8618
29.0532
29.2693
28.8759
29.2959
28.7394
29.0852
29.1078
28.8938
29.1087
29.0818
28.9483
29.3445
29.038
28.8463
28.9701
28.7839
28.5376
28.2896
28.2379
28.7102
28.8505
28.5747
28.342
28.5331
28.939
28.807
28.5619
28.8073
28.4901
29.0076
28.4921
28.3448
28.4536
28.2429
28.4366
28.63
28.9102
28.6824
28.704
28.3432
28.7185
28.3176
28.587
28.689
29.1723
29.128
28.6488
28.7327
28.9115
28.9838
28.4637
28.9888
28.6616
28.6143
28.6342
28.093
28.7764
28.8979
28.8097
28.7892
29.2165
28.8857
28.3606
29.0533
28.5773
28.7314
28.4961
28.5061
28.4852
28.9107
29.042
28.9065
28.5403
28.5211
28.7841
28.4716
28.7222
28.9059
28.2862
28.478
28.7678
28.3666
28.7013
28.5809
28.7533
28.8283
28.6049
28.6029
28.7783
28.4313
28.7609
28.6784
28.8006
28.7628
28.7714
28.9369
28.8082
28.6062
29.1319
28.8567
28.4743
28.738
29.2251
29.032
28.7927
28.8014
28.8925
28.9725
29.0147
28.7938
28.9088
28.3557
28.7353
28.9015
29.1439
28.7404
29.0769
28.7356
28.9446
28.6626
29.2292
28.6184
28.7979
28.9567
29.0023
29.1052
28.6301
29.0943
28.7422
28.9965
29.1554
28.6106
28.7622
28.9454
28.9105
28.7446
29.0527
29.4797
28.9582
28.9847
28.7215
29.1675
28.7508
28.9952
28.4709
29.0134
29.1812
28.977
28.7652
28.609
29.0998
28.9805
29.1409
28.4888
28.6636
29.0703
28.8197
28.3633
29.4763
29.4155
28.8366
28.6426
29.4401
28.8047
28.8669
28.9804
28.8513
28.644
29.2161
28.8908
28.8956
28.8669
28.6336
28.8614
28.5442
28.9652
29.0791
28.7535
28.7435
28.857
28.6625
28.8124
28.7583
28.7401
28.6865
28.9992
28.5453
28.7915
29.132
28.4691
29.0023
29.1928
28.8992
29.0058
28.9326
28.5879
28.7063
28.5485
28.816
28.673
28.9319
29.3411
28.6454
28.6377
28.509
28.9308
28.8002
28.9226
28.8379
28.7948
28.6194
28.9717
28.4428
28.6315
29.1228
29.476
28.6253
29.0569
28.9918
28.9305
28.529
28.9752
28.9454
28.9384
29.0349
28.7936
28.8912
29.0357
28.6592
28.7288
28.3422
28.6853
29.1096
28.544
28.6558
29.0556
28.9215
28.6878
28.669
29.0493
28.7908
28.847
28.7806
28.695
28.7971
28.8619
28.8165
28.7998
28.9093
29.1718
28.806
28.8637
28.9088
29.2659
28.7603
28.9286
28.6963
29.1127
28.5957
28.5486
28.5802
28.4016
28.3907
28.6368
28.8185
28.5305
28.9715
28.6485
28.7114
28.716
28.9457
29.0805
28.7981
28.9291
29.0396
28.6728
28.6832
29.384
28.6087
29.1116
28.7612
29.3091
28.7713
28.7691
28.6355
28.9276
28.7921
28.7143
28.2399
28.7777
28.9776
28.8525
28.704
29.0343
28.7822
28.4249
28.5242
28.6209
28.8383
28.7706
29.1765
29.0761
28.8693
28.7898
28.5985
29.1676
28.7256
28.866
29.3208
28.746
28.6029
28.5241
28.9596
29.2228
28.4982
28.8254
28.987
28.6676
28.6624
28.7562
28.8028
29.1927
28.8819
28.6182
29.0157
28.8288
28.6448
28.4361
28.937
29.067
28.977
29.0614
28.9466
28.7958
28.577
29.0797
28.7219
28.613
28.9121
28.4572
28.1804
28.8037
28.4813
29.1531
28.7997
28.7659
28.8643
29.0961
28.8338
28.9446
28.9475
28.5437
28.7634
28.8094
28.9732
29.09
28.9472
29.0761
28.6815
29.4029
28.4439
28.7199
28.8219
28.7917
28.8031
29.0381
28.8086
28.6892
29.3852
28.9521
28.7469
29.0786
28.6543
28.4279
28.7087
28.8939
28.6796
28.5586
28.9193
28.6798
29.2058
28.5298
28.848
29.1812
28.779
28.5159
28.899
29.2763
28.5599
28.5966
29.4806
28.5429
29.2296
28.6382
28.8529
29.1294
28.7329
28.5766
28.2098
28.493
28.6866
28.48
28.4457
28.7161
28.6711
28.709
28.7979
28.602
28.701
28.7094
28.3225
28.5425
28.7404
28.6787
28.3204
28.7225
28.4611
28.5755
28.831
28.7079
28.5916
28.8221
28.6651
28.7738
28.6068
28.511
28.8453
28.3311
28.845
28.6985
28.7115
28.7771
28.7647
28.6822
28.8136
28.6414
28.0963
28.3408
28.9455
28.6297
28.5688
28.3524
28.8132
28.5394
28.8242
28.562
29.0785
28.6026
28.4878
28.2637
28.4903
28.5707
28.5705
28.6065
28.7707
28.1202
28.2584
28.8484
28.2828
28.3915
28.7345
28.5405
28.5229
28.5527
29.0206
28.405
28.638
28.3742
28.7525
28.5818
28.7352
28.5689
28.8927
28.6821
28.6434
28.9061
29.0196
28.8774
28.7166
28.8575
28.8174
28.8375
29.0963
28.6861
28.6501
28.9912
28.4966
28.8039
28.6957
28.8849
28.7816
28.877
28.8489
28.9248
28.8
28.5005
28.9767
29.1501
28.809
28.6189
29.161
28.7507
28.9178
28.9806
29.0523
29.0008
28.9438
28.916
28.4966
28.6072
28.8994
28.4322
28.6029
28.9003
28.7861
28.7639
28.9572
28.3623
28.9141
28.7433
28.6442
29.0506
28.9648
29.2201
28.8002
29.0556
28.6835
29.192
28.9175
28.7679
28.6227
28.7751
28.6741
29.2061
29.1012
28.8963
29.0651
29.3186
28.7946
29.0256
28.8327
29.0254
28.949
29.0019
28.5717
28.5819
28.5789
28.9236
28.8442
28.9889
28.7067
28.7508
28.6414
28.8511
29.0943
28.7578
28.3072
29.0117
28.6473
28.9375
28.7645
29.0885
28.834
28.6373
28.6141
28.6348
28.596
28.7875
28.9904
29.1927
28.7398
28.8059
29.0151
28.8064
28.6906
28.8106
28.6999
28.7604
28.9078
28.7924
28.917
28.9138
29.0269
28.6961
28.9681
28.9974
28.8417
28.4411
28.9323
28.6454
29.1205
28.8656
28.9186
28.7396
28.7043
28.8158
28.656
28.7033
28.7323
29.0298
28.1757
28.8249
28.679
28.4381
28.4983
29.0227
28.7494
29.3047
28.5775
28.5329
28.95
28.9589
28.7237
28.8786
28.8663
28.7757
28.5227
28.6557
28.7129
29.2528
29.1554
28.9534
28.7335
28.9299
29.2382
28.8697
28.8121
28.9197
29.0842
28.8435
28.676
28.9567
29.2473
28.9766
28.8383
28.6887
28.9202
28.9799
29.0883
28.9568
28.6094
28.9671
28.6568
28.9309
28.7994
28.74
28.7185
29.3012
28.4638
29.1024
28.7797
28.7286
28.8728
28.5121
28.8599
29.1115
28.7792
28.6005
29.0763
29.2579
28.8131
29.1194
28.9056
29.2412
29.0577
28.867
29.0655
28.4946
28.9148
28.606
28.8614
28.7764
28.8687
28.9836
28.8428
28.4323
28.7784
28.9103
28.9476
28.7239
29.204
28.6394
29.2646
28.6639
28.7326
28.7236
29.0815
29.246
28.7838
28.7722
28.8865
28.8399
29.0286
28.8565
28.9736
29.0979
29.1027
28.4839
28.8674
28.3814
28.7185
29.0831
28.7127
28.6216
28.7855
28.8706
29.2119
28.7641
28.7552
28.5609
29.0558
28.5177
29.0511
28.9949
28.6582
28.8609
28.8393
28.8891
28.7475
28.6903
28.5616
28.3249
28.9809
28.722
28.6168
28.6182
28.5715
28.7488
28.6688
28.9097
28.4378
28.6198
28.8667
28.8448
29.1399
29.0635
28.6091
28.4725
28.8687
28.2521
28.9759
28.6316
29.1521
29.0227
28.7831
28.3952
28.8549
28.8626
28.6043
29.0439
28.8361
29.0242
28.4792
28.5729
28.6439
28.8803
28.9993
28.8049
28.8998
28.8522
28.771
28.9614
28.4311
28.3989
28.5665
28.332
28.4028
28.7843
28.6822
28.9703
28.5882
29.0114
28.8249
28.5847
29.3387
28.8034
28.1591
28.7779
28.7062
28.1728
28.6423
28.7053
28.8025
28.6297
28.6763
28.4649
28.8055
28.7005
28.9475
28.5957
28.2943
28.8159
28.6572
28.3212
29.0091
28.8246
28.81
29.0524
28.8458
28.6648
28.6673
28.843
28.7027
29.0182
28.8493
28.7858
28.7297
28.684
28.4631
28.7673
29.003
28.8138
28.6652
28.6019
28.7941
28.981
28.8835
28.7321
28.6201
29.0804
28.6395
28.6606
28.7739
28.9406
29.0059
28.7195
29.0012
28.6158
28.1453
28.6336
28.6919
29.2209
28.8904
28.6822
28.6529
28.5999
28.9867
28.696
29.2789
29.297
28.9881
28.7582
28.713
28.9901
28.7547
29.1035
28.8536
28.6486
28.8649
29.3412
28.9702
28.9704
28.8216
28.9756
29.0597
28.5716
28.8981
28.7226
29.2735
29.0345
29.0646
28.6731
29.0196
28.9975
28.7605
29.0092
29.439
28.3989
28.9903
29.3924
28.8584
28.4882
28.5391
28.8317
29.1096
28.4261
28.6548
28.8797
28.7185
28.7627
29.3864
28.8589
28.6916
28.957
29.1005
28.8717
28.6344
29.0709
28.628
28.8382
28.876
28.9657
28.812
29.2591
28.8482
29.2336
28.7653
28.8839
28.6445
28.778
28.9158
28.8417
28.8342
29.0867
28.6714
28.9219
28.9805
28.7188
28.933
29.2427
28.6553
28.7925
28.6883
29.0414
29.1334
28.8934
29.0945
28.6544
29.1228
28.7439
28.8831
28.9146
28.8186
29.2998
28.9869
28.5896
29.0348
29.0037
28.6382
28.7713
29.0545
28.6275
28.8526
29.1086
29.2698
28.7031
28.9837
28.8946
28.6885
28.8259
28.9563
28.9648
28.8471
28.7124
29.1825
28.6728
29.2002
29.0206
28.6701
28.5577
29.2007
28.7882
28.8302
29.293
28.7217
28.9168
29.0323
28.8208
28.8723
28.6518
29.3682
28.5364
28.9793
29.0068
28.8486
29.0536
28.5828
28.5081
28.6155
29.0084
28.847
28.7721
29.1593
29.173
28.5428
29.0315
28.9044
28.8771
28.7317
28.939
28.6751
29.3999
29.0157
28.9795
28.9525
28.6366
29.1717
29.0291
28.5514
28.7794
28.4063
28.6142
28.8554
28.676
28.7252
28.9982
28.7511
28.3327
28.973
28.7033
29.068
28.4183
28.9345
29.1755
28.9755
28.9525
28.687
28.7302
29.077
28.2444
29.129
28.7708
28.8858
29.1059
28.8482
28.4152
28.7585
28.8414
28.3284
28.7184
28.9636
28.6399
29.2208
28.7841
28.7293
28.7281
28.5908
28.6173
29.0296
28.7459
28.6027
28.5852
28.7172
28.8827
28.7701
29.0051
28.8429
28.7455
28.6128
29.3063
28.7056
28.7813
28.7887
28.826
28.794
29.2719
28.4764
29.0727
28.5577
29.0177
28.8013
28.9677
28.6194
29.054
29.1683
28.6257
29.2231
28.7104
28.7046
28.5656
28.792
29.1247
28.7253
29.1415
28.6527
29.0866
28.9408
28.5932
29.038
28.9842
28.8342
28.8998
28.8404
28.9028
28.7361
28.9393
28.275
28.83
29.1898
28.7434
28.5648
29.1317
28.6106
28.7476
28.5383
29.1457
28.9418
28.7154
28.9586
29.4859
28.2544
28.8309
28.9863
28.6389
29.0469
29.0083
28.7914
28.66
28.5337
28.9229
28.8851
28.995
28.8436
29.1329
28.7492
28.5648
28.8031
28.8717
28.6757
28.9656
29.1242
28.8287
28.5543
28.7022
29.1642
29.2273
28.8667
28.8745
28.948
28.9657
28.5285
29.1196
28.7379
28.8863
28.7704
28.7708
28.8674
29.091
29.2505
28.3309
28.9865
28.7427
28.6165
28.6123
29.3301
28.864
28.864
28.819
28.7464
28.9487
28.3322
28.7606
29.4586
28.6587
29.0495
29.0606
28.9882
28.9875
28.9412
28.9544
28.802
29.0774
28.579
28.7586
29.1072
29.1808
28.6345
29.1283
28.6962
28.4317
28.7938
28.5155
28.7451
28.6456
28.8012
28.9236
28.8713
28.8396
28.7437
28.8694
28.9334
28.5606
28.839
28.7211
28.6997
28.8854
29.0248
28.8638
29.0429
28.8393
28.8163
28.9676
28.5835
28.6706
28.9238
29.141
28.638
29.0057
28.8963
28.993
29.0762
28.7903
28.3311
28.6921
28.6481
28.8926
28.7379
29.2295
28.4158
29.326
28.8953
28.8148
28.6887
28.571
28.7739
28.9697
28.6256
28.7868
28.5541
28.6789
28.7133
28.9358
28.8538
28.675
28.8491
28.6516
28.8603
28.8986
28.699
28.744
28.9051
28.524
29.0105
28.7241
28.6728
28.8708
28.7583
28.79
28.3375
28.8922
29.2248
28.6575
29.0641
29.0532
28.974
28.7374
28.8414
28.9309
28.9447
28.7882
28.4631
28.7902
28.7974
29.114
28.6997
28.7553
28.8493
29.0657
28.9016
28.4996
28.9662
28.9505
28.751
29.2256
28.7404
28.8974
28.8629
29.0546
28.7945
28.77
28.811
28.7223
28.9224
28.2731
28.7521
29.0209
28.4747
28.8935
28.9225
28.7765
29.1678
28.8954
29.1246
28.7857
28.9796
28.4799
28.5862
28.609
28.9315
28.8812
28.7188
29.3056
28.2732
28.9882
29.2673
28.9098
28.9321
29.0783
28.6454
28.9265
28.8996
28.6032
28.7735
28.663
28.7292
28.6852
28.5884
29.0028
28.5123
28.6414
28.6441
28.4635
28.8868
29.1811
28.6629
28.9182
28.7885
28.9202
28.8391
28.709
28.8217
28.6003
28.4692
28.9734
29.1541
28.5978
28.8491
29.0663
28.9413
28.821
29.3741
28.9175
28.7867
28.7371
28.5357
29.0996
28.8581
28.7646
29.094
28.9477
28.8325
28.9465
29.0753
28.9427
28.4301
28.6891
28.7644
29.0097
28.6283
28.5973
28.5414
28.956
28.9563
28.9807
28.7104
28.6589
28.5924
28.3827
28.6041
28.4589
28.9409
28.9161
28.2804
28.7772
28.5289
28.8111
28.8047
28.7474
28.8737
28.9295
28.2613
28.76
28.9532
28.6937
28.9817
28.5998
28.366
28.4289
28.4539
28.7823
28.6154
28.615
28.549
28.4448
28.9636
28.6528
28.8513
28.5942
28.4307
28.8982
28.6217
28.8468
28.9528
28.7344
28.5234
28.8786
28.2074
28.5549
29.0715
28.7704
28.576
28.6824
28.7113
28.664
28.5538
28.5445
28.537
28.5243
28.1822
28.4411
28.475
28.5863
28.668
29.0451
28.585
28.924
28.9009
28.9425
28.5923
28.6931
28.7436
28.813
28.8843
29.1231
28.6538
28.7058
29.0833
28.6799
28.6829
28.7324
29.0946
28.866
29.2322
28.7646
28.9397
28.8552
28.8797
28.7888
28.9661
28.9619
29.0629
29.1338
28.8812
29.1139
28.9272
29.107
29.0013
28.7712
28.5148
28.9159
28.8347
28.8148
28.544
28.7868
29.2179
28.9707
28.6073
28.9732
28.8654
28.7761
28.9473
28.9407
29.066
28.5539
28.8138
28.7575
28.728
28.3973
28.8493
28.4775
29.011
28.551
28.8284
28.6374
28.9431
28.9716
28.3909
28.555
28.5396
28.8352
28.8093
28.989
29.2451
28.6691
28.8146
28.8504
28.8821
28.4498
28.7596
29.1804
28.7644
29.009
29.0652
28.7929
28.7284
29.1599
28.5275
28.6942
28.9575
28.5045
29.1532
29.2883
28.7307
29.5172
28.8581
28.7588
28.9779
28.9397
28.962
28.7011
29.0061
28.9041
28.6198
28.7194
28.8818
29.1137
28.5263
28.7083
29.2872
28.558
29.0052
28.7704
29.3801
28.8677
29.0409
28.6508
28.9359
28.6126
29.1464
28.9441
28.7783
28.8243
28.6671
28.4433
29.0636
28.8474
28.8815
29.0263
28.6702
29.2424
28.6316
28.6156
28.6877
29.1444
28.6638
28.4699
29.0337
28.7594
28.708
28.8599
28.6186
28.8282
28.8343
28.5417
28.6006
28.5195
29.0255
28.3833
28.5597
28.8711
29.1378
28.6457
28.8842
28.479
28.8244
28.7155
28.7892
28.4351
28.5326
28.726
28.6354
28.4331
28.8778
28.5955
28.335
28.7104
28.8629
28.4831
28.6543
28.8595
29.0126
29.1743
28.5728
28.4678
28.8591
29.0919
28.7703
29.0355
28.6101
28.8843
28.9468
29.4307
28.8499
28.9108
28.9158
28.9704
29.3995
29.1291
29.1756
29.303
28.6006
28.9335
29.1203
28.7539
29.284
28.8693
29.0303
28.9953
28.707
28.3671
29.133
28.8795
28.8989
29.0264
29.1446
28.8008
28.9265
29.0679
29.2327
28.9956
28.9293
28.9602
29.0866
28.6296
28.9769
29.0871
28.9698
28.9416
29.3635
28.8978
28.508
28.9132
28.7271
28.9396
28.6859
28.8616
28.7074
29.137
28.9289
29.0583
28.7106
28.6596
28.5103
28.7771
28.8406
29.1202
28.3808
28.9081
28.4826
28.9153
28.835
29.004
29.0461
29.1065
29.0049
29.1093
28.9081
28.976
29.0238
28.8023
29.0077
28.826
29.188
28.8464
28.7826
29.0485
28.5974
28.7288
29.0652
28.9838
29.452
29.0841
28.7736
28.8283
28.8745
28.9196
28.9901
29.0713
28.7924
28.9055
29.0242
28.7924
28.6205
29.3884
29.0123
29.0528
29.2672
29.3647
29.0575
29.0203
28.857
28.7668
28.8441
28.7381
29.0302
28.7671
29.1221
29.0266
29.056
28.5684
28.7387
28.7837
28.6807
28.7599
28.785
28.7704
28.354
28.8323
28.972
28.3195
28.87
28.6098
28.7196
29.0987
29.081
28.3068
28.8849
28.8859
28.5574
28.9014
29.0529
28.5474
28.85
29.2915
28.5934
29.0043
28.8467
28.9325
28.6533
28.6226
28.8911
28.5041
28.8994
28.8091
29.134
28.3751
28.4707
28.9386
28.7766
28.5076
29.1853
28.9536
28.7912
28.9312
28.7825
28.8718
28.7759
28.6945
28.718
28.5407
29.2718
28.611
28.7476
28.5647
28.8469
28.6265
29.2136
28.8489
29.1639
28.7112
29.1201
28.8166
28.8671
28.8078
28.812
29.0988
28.8858
28.7583
28.8798
28.6504
28.7032
28.3794
28.953
28.4547
28.379
28.6091
28.9488
28.5309
28.9002
28.7387
28.8331
29.0843
28.6591
28.7479
29.0809
28.9537
28.7184
28.8253
28.6796
28.6992
28.8177
28.7888
28.4467
28.9009
29.0027
28.9314
28.5481
29.2302
28.7553
28.7431
28.7149
29.0079
28.5454
28.9934
28.9889
28.615
28.8974
28.7362
28.6928
28.795
29.1778
28.8309
29.3459
29.0233
28.5054
29.4379
29.3088
28.689
29.1645
28.8875
28.5031
28.7385
28.701
28.6298
28.7102
28.5545
28.8838
29.0027
28.8397
28.5442
28.8368
28.8269
28.8241
29.1973
29.061
28.7463
29.009
28.9648
28.3692
28.9554
28.2668
28.7308
28.6429
28.7471
28.8747
28.9802
28.8802
29.1391
29.1713
28.7963
28.4533
28.6364
29.0643
28.8736
28.8874
29.3677
28.8692
28.6645
28.3205
28.7525
28.8478
28.7495
28.2601
28.894
28.8327
28.9537
29.0484
28.8173
28.9224
28.843
29.0598
28.6155
28.8572
28.8725
28.9233
28.8638
28.9377
28.7914
29.0759
28.8912
28.8223
29.1707
28.7586
28.4847
28.6739
29.1133
29.0699
28.435
29.0493
28.7047
29.0826
28.4899
28.8795
29.2338
29.1087
28.4399
29.0431
28.7587
28.8046
28.9899
28.8255
28.8458
28.8212
28.8747
28.8063
28.9511
28.8993
28.7301
29.039
28.8283
29.0135
28.8883
28.8691
29.052
28.8923
28.2362
28.8507
29.0946
28.8012
29.2563
28.8418
28.5046
28.9814
28.9488
28.3358
28.8519
29.1977
28.9103
29.2071
28.8913
28.496
28.7287
29.0697
29.1288
29.1838
28.9025
29.0087
28.6663
28.5793
28.8705
28.9761
28.4076
28.8761
29.1084
28.6004
28.6743
29.0284
28.7742
28.707
29.2097
28.6157
28.8994
28.9908
28.9786
29.0749
28.8467
28.8649
28.929
29.2259
28.7268
29.1149
29.1419
28.7783
28.866
28.6692
28.9133
28.9926
29.0845
29.0071
28.8061
28.5483
29.0164
28.9557
28.5796
29.1061
29.0674
29.1584
28.957
29.0042
29.1952
28.7812
28.5863
28.6519
28.8812
28.4907
29.0931
28.6586
29.1448
28.9414
28.9525
28.6349
28.9441
28.9669
28.927
28.9024
28.9515
28.6298
29.0259
28.7522
29.1706
29.17
28.483
28.9879
28.8946
28.654
28.9639
28.6719
28.9574
29.054
28.8725
28.4239
28.9226
28.5504
29.1499
28.8338
28.72
29.3438
28.4921
28.6462
29.1224
28.3647
28.9305
28.8315
29.1516
28.6171
29.0675
28.9649
28.6904
28.925
28.8234
29.0135
29.3701
28.9088
28.948
28.7578
28.6959
29.1378
28.7432
28.5944
28.9445
29.397
28.7862
28.9535
28.9526
29.4252
28.6668
29.087
29.1771
28.6147
29.0101
28.7268
28.7187
28.7357
28.8618
29.0507
29.0089
28.9587
28.7435
29.1286
28.4917
29.0286
29.1715
28.7253
28.9981
28.9253
28.7336
28.9958
28.984
28.4469
29.2021
28.8763
29.1238
29.1711
28.9411
28.4389
28.8835
29.2802
29.0525
29.0915
28.6723
28.6469
28.7829
28.8988
28.6949
29.1952
28.9257
29.0737
28.8458
28.6765
28.8234
29.0251
29.1269
29.2561
29.0795
29.6072
28.9601
28.8403
29.201
28.8952
28.9749
29.2685
28.8447
29.1166
28.7716
28.6874
28.7784
29.2266
28.8453
28.6184
29.0548
28.8807
28.8323
28.8333
28.7664
28.924
29.1985
28.7608
29.2777
28.8596
29.1544
28.8382
29.138
29.1931
28.9474
28.8126
29.3596
28.9539
28.4833
28.7805
28.4642
29.257
28.4108
28.8365
29.086
29.4741
29.0875
29.0407
28.9989
28.9093
29.0591
29.1712
29.0763
28.8434
28.6771
29.1564
28.9269
29.4569
28.374
28.956
28.6627
29.0809
28.7399
29.0826
29.3369
29.2456
29.2074
28.8501
29.0785
28.6321
28.4994
28.989
29.1842
29.073
28.9636
29.2896
29.0382
29.0655
28.8528
28.817
29.1363
29.0742
29.2128
29.0423
28.688
28.5577
28.9346
28.791
28.8334
29.3743
28.8709
28.6296
28.7607
29.0287
28.8342
28.6932
29.2478
29.0781
29.2327
28.783
28.7934
28.9358
28.7956
28.9734
29.0529
28.6203
29.0172
28.5049
28.6788
28.8137
28.5469
28.843
28.8289
28.8396
28.5475
29.0137
28.6831
29.0615
29.0296
28.7372
28.5094
28.9396
29.07
28.765
28.9995
29.166
29.1151
28.68
29.1105
28.9734
28.9894
28.5421
28.6818
28.9555
28.7453
28.6029
29.2036
28.8683
28.8442
28.7318
28.8132
28.6942
29.012
28.8108
28.6526
28.8702
29.2362
28.8776
28.628
29.1069
29.0122
28.8829
28.9809
28.8453
28.4122
28.9941
28.7295
28.9056
28.7329
28.9221
28.9587
29.2065
29.0165
28.4872
29.0053
28.9525
28.8285
28.7494
29.3562
29.1845
28.7674
29.3877
28.509
28.7088
28.3948
28.6093
29.3604
29.2062
28.7093
28.8878
28.7165
28.9426
28.8017
29.1204
28.9148
28.6722
28.4835
28.7539
28.7226
28.6227
28.7287
29.2416
29.1881
28.6324
28.9559
28.7771
28.6897
28.8663
28.9633
28.5671
28.7827
28.6114
28.7919
28.8563
28.5559
28.7141
28.4379
28.9367
28.891
29.3332
28.4798
28.8438
28.74
28.8929
28.4602
28.6623
28.63
28.7825
29.0616
28.9078
28.5581
28.9525
28.4936
29.0373
28.7916
28.7954
28.5151
29.1926
28.6885
29.0469
28.5617
28.4624
28.7731
29.2646
28.939
28.5345
28.8159
29.0058
28.9184
28.9077
29.0078
28.9202
28.7219
28.429
29.0401
29.1503
28.8469
28.8191
28.9634
29.1113
28.8096
28.7156
28.8796
28.8146
29.1365
28.8952
28.8809
28.9603
28.4912
29.095
28.8395
28.299
29.3114
28.7792
29.1435
29.0131
28.8732
29.0309
28.9553
28.7428
28.8308
28.7635
28.7924
28.854
29.1579
29.2286
29.1435
28.7242
28.9017
29.1099
29.104
29.0495
29.2384
29.006
28.73
28.9659
29.0068
28.8787
28.8603
28.693
29.1919
28.9104
29.5181
29.1224
28.8349
28.751
29.5642
28.8743
29.0877
29.3856
29.13
28.7384
28.88
28.6901
28.8151
29.171
28.7223
28.8272
29.177
28.863
29.0782
28.6375
29.0077
28.6871
29.0581
28.7883
28.9073
29.135
28.8654
28.7254
28.9002
29.1735
28.7894
29.0002
28.9113
28.508
28.9417
28.9003
29.1573
28.9744
28.8453
29.2394
28.8616
28.736
28.8177
29.3887
28.7392
28.8781
29.1319
28.834
28.6646
29.2884
29.2165
29.1577
28.7836
28.9292
28.7106
28.6759
28.9161
29.224
28.8465
28.9092
28.6264
29.2324
28.8234
28.895
29.2346
29.2433
29.4427
29.6444
28.8909
29.3762
28.9876
28.9416
29.2309
29.476
29.1423
28.9741
29.239
29.0951
28.6602
28.8365
28.6802
29.4499
28.6037
28.8253
29.1454
28.9235
28.7696
29.4329
29.2837
28.9589
29.0278
29.0941
28.717
29.085
29.0866
29.0829
28.5327
28.958
28.7742
28.6797
29.2171
28.7117
28.6558
28.8472
28.6445
28.6064
28.7067
29.2713
28.3398
29.0081
28.7722
28.7916
28.7721
28.9802
28.8385
28.6314
28.7056
28.6682
28.8792
29.0645
28.6679
29.0739
28.7049
28.8261
28.9849
29.0232
28.8889
28.4844
29.0532
28.7893
28.8831
28.6425
28.936
28.777
29.1413
29.2866
28.6825
28.5368
28.2391
28.3832
28.9386
28.6202
29.1632
28.7054
28.8573
28.7361
28.898
28.663
28.8341
28.9349
28.748
28.6395
28.6245
28.4124
28.5679
28.2707
28.5688
29.1426
28.727
28.6177
29.1009
28.5813
28.6636
28.643
28.7161
28.5368
28.6538
28.5226
28.3595
28.8138
28.9061
29.05
28.7001
28.9525
28.7778
28.968
28.9163
28.6887
28.6797
28.7961
29.2769
29.1273
28.7595
29.1664
29.0116
28.7358
28.7637
28.6328
28.4985
28.9921
28.717
28.771
29.4036
28.6691
28.5349
29.2258
28.9399
28.8494
28.8579
29.2135
28.9434
28.8317
28.4382
28.9066
28.9004
28.965
29.0511
28.8199
28.8178
28.9771
28.4425
28.8716
28.7278
28.5569
28.8835
28.6697
28.8601
28.7689
28.5973
28.8866
29.0613
28.5946
28.8091
28.9002
28.5848
28.842
28.8406
28.9675
28.629
28.8117
28.7277
28.6465
28.5959
29.1575
28.7224
29.0875
28.9378
28.6454
29.374
28.6618
28.819
28.8635
28.5689
28.5506
29.0318
28.8101
28.642
28.8961
29.0052
28.3642
28.7105
28.7066
28.7185
28.8821
28.692
28.5956
29.0683
28.3534
28.8568
29.0012
28.9098
28.5076
28.9878
28.4088
28.6211
28.6463
28.8064
29.0031
28.8578
28.5345
28.8287
28.8478
28.6687
28.8153
29.153
28.9714
29.2927
29.1161
29.0095
28.7958
28.9503
29.2442
28.8759
29.1106
28.9056
28.8202
28.9656
28.8847
29.0532
28.8738
28.6474
28.9868
28.8482
28.6672
29.0261
29.429
28.9415
28.8946
28.9159
29.0702
28.411
29.0149
28.9949
28.7961
29.176
29.1282
28.7479
28.9479
28.9593
28.61
29.2064
29.0653
28.7425
29.2409
28.9216
29.0163
29.0123
28.9148
28.365
28.9446
28.714
28.7206
29.2186
29.1188
28.477
29.0308
29.0502
29.3055
29.255
29.0286
28.9642
28.7149
28.9334
29.0853
29.0793
28.7597
28.6662
28.7332
29.3287
28.5748
28.8132
29.0589
28.8022
28.9235
28.9525
29.0349
28.5561
29.0794
28.516
29.2348
28.727
28.6141
29.1689
28.3989
28.6154
28.7284
28.7469
28.8257
28.4074
28.8399
28.9158
28.9792
28.8954
28.988
28.61
28.6927
28.9733
29.376
28.6985
29.4985
29.3584
29.0611
28.9733
29.0274
28.3401
28.937
28.8491
29.0104
29.0038
28.509
28.5029
29.0204
28.8986
28.6829
29.1187
28.9647
29.2734
28.9528
28.8652
29.2378
28.5955
28.6274
28.994
28.812
29.1871
29.121
28.8035
28.6076
28.7172
28.9484
29.1516
28.849
29.2169
29.0509
29.2587
28.8999
29.1398
28.8489
29.1397
28.9443
28.429
29.0992
29.2683
28.8056
28.9529
29.1404
29.1839
29.2505
29.232
29.2499
29.0598
28.9427
29.0951
29.054
28.6406
28.4836
28.8762
28.7589
28.6028
28.6288
28.7257
28.9724
28.723
28.883
28.5019
28.5738
28.7083
28.6821
28.8842
28.6304
28.9865
28.9052
28.7207
28.3841
28.9056
28.8254
28.4945
28.9064
28.7518
28.8506
28.3422
28.8754
28.7603
28.9077
28.7474
28.6204
29.2311
28.6819
28.6889
28.7285
28.3409
28.5987
29.2769
28.8782
28.8072
28.8333
28.912
28.6585
29.2348
29.0633
28.962
29.22
28.7831
28.8675
28.6389
28.8328
29.1517
28.9442
29.0881
29.1548
29.272
28.8345
29.0142
29.0992
28.9751
28.9392
28.8417
29.2918
28.9784
29.0358
29.1615
29.0848
28.4472
28.7606
28.839
29.1414
28.9598
28.4395
29.0536
29.0118
29.0522
29.1614
28.7218
28.7886
29.0338
28.9816
28.8916
28.3815
28.779
28.3824
28.993
29.229
28.8005
28.6899
28.8497
29.2778
29.2239
28.9439
29.213
28.773
28.7206
28.627
28.7971
28.8732
28.7105
29.0164
28.787
28.8307
28.7999
29.0181
28.6764
29.1918
28.6133
28.839
28.9692
28.732
28.8013
28.7917
29.0186
28.8526
28.7144
29.3652
28.9848
28.6411
28.3973
28.6182
28.6892
29.0976
28.9333
28.8735
29.0764
28.9059
28.6471
28.935
28.5517
28.8326
29.1476
28.9304
28.6139
29.1777
28.9821
28.8456
28.8351
29.0382
28.6583
29.0112
29.1583
29.0654
29.036
28.9122
28.4347
28.9294
29.0919
28.8379
29.3071
28.6054
28.7699
29.2395
28.9024
29.0314
28.9174
29.4265
28.6445
28.8283
28.9404
29.2304
29.1719
28.8598
28.7317
28.7851
29.3849
28.8102
28.799
28.4832
28.6436
28.4751
28.615
28.9137
28.6582
28.1956
28.6589
28.7804
28.7803
28.7419
29.3942
28.6043
29.0542
28.6154
28.63
28.9404
28.6572
28.6342
28.4531
29.1027
28.624
28.613
29.1097
28.9344
28.6248
28.7695
28.7529
28.8337
28.7433
28.9361
28.8735
28.8668
28.7266
28.8311
28.5782
28.9866
28.5431
28.877
28.2257
28.4524
28.425
28.8188
28.6338
28.9491
28.7875
28.7141
28.9588
28.8619
28.7042
29.1875
28.6115
29.0258
29.1796
28.7133
28.7804
28.9286
28.6118
29.3158
28.8449
29.0322
29.0605
29.1027
28.5708
28.7725
29.0512
28.6994
28.9445
28.7236
29.1089
29.0661
28.9245
29.2248
28.7116
29.0165
28.5982
28.425
28.7808
28.4085
29.0208
28.9542
29.0588
28.7371
28.587
28.5115
28.5369
28.6516
28.6647
28.8484
28.799
28.8033
28.7773
28.7311
28.5561
28.8833
28.7852
28.7394
28.7497
29.0034
28.5491
28.649
28.6411
29.0539
28.6977
28.7815
28.9097
29.2516
29.1816
29.0535
29.1746
28.8431
29.0147
29.0835
29.2213
28.6969
28.9793
29.0926
29.1139
28.5746
28.7827
28.772
28.5254
28.7756
28.8253
28.7279
28.8586
28.1576
28.4505
28.99
29.0917
29.0228
28.9834
28.4891
28.5374
28.9205
28.6322
28.5306
28.6887
28.5846
28.4921
28.6195
28.4848
28.8246
28.8871
29.0161
28.7732
29.1435
28.8211
29.0811
29.3058
28.8873
29.3622
29.0593
29.078
28.625
28.9346
29.0102
28.9899
28.8725
28.7742
29.0171
29.0029
29.0333
29.0283
28.7547
28.8285
28.6451
28.9016
28.8273
29.2113
28.8614
28.8024
28.8744
29.0472
29.0248
29.0208
28.8477
28.927
28.8199
29.1042
28.7696
28.9622
28.8574
29.2507
28.9829
28.9383
28.954
28.7163
28.8421
28.5782
29.1354
28.9046
28.7724
28.9694
28.5154
28.8863
28.7936
29.4512
28.8223
28.5112
28.6654
28.5826
28.8938
28.8102
29.3093
28.9385
29.256
29.2111
29.037
